100 100
4
21 49
3 59
77 13
52 62
30 76
16 50
79 4
49 33
46 10
24 70
71 67
61 35
10 79
88 20
11 85
67 68
52 13
70 48
80 49
23 48
23 84
13 84
89 52
79 24
96 62
83 84
33 70
71 49
38 89
73 95
12 18
76 35
49 16
56 59
39 32
5 11
70 77
29 39
30 91
15 12
25 31
94 57
84 34
58 36
78 18
36 77
71 73
80 93
88 29
60 39
38 77
32 6
22 90
9 94
54 4
18 22
26 15
37 67
70 38
32 93
29 17
9 23
67 26
58 60
51 80
48 24
48 23
11 28
48 2
38 69
92 78
99 45
90 98
69 11
25 53
34 63
97 10
17 70
50 55
99 16
10 12
10 28
95 2
50 24
53 13
3 80
95 98
99 89
35 45
18 35
83 18
10 39
17 53
8 59
11 48
70 87
92 48
8 34
20 55
37 39
92 91
4 38
45 55
53 85
4 19
6 70
27 42
12 60
27 68
54 97
27 75
60 76
22 51
68 95
57 75
46 96
17 88
50 97
32 70
23 93
42 81
16 85
38 93
28 87
15 81
36 95
34 93
26 78
43 70
9 53
40 93
46 93
5 61
23 68
23 78
48 98
18 54
9 71
34 69
35 63
16 83
28 64
32 60
31 90
11 51
47 94
12 59
17 63
12 56
17 88
29 73
22 68
31 73
9 83
16 99
19 63
15 70
22 98
19 91
29 91
36 51
9 39
13 99
20 63
11 43
26 69
12 89
24 58
22 83
28 54
9 63
16 79
10 60
32 67
11 88
33 52
31 55
11 51
9 63
17 96
37 95
20 96
17 50
31 73
21 95
16 73
9 56
22 69
40 79
34 71
36 91
12 44
29 98
19 51
20 51
14 96
35 75
9 95
31 74
30 62
27 68
19 69
14 59
12 71
19 52
28 70
27 48
43 88
18 77
12 48
16 58
16 87
26 79
21 60
20 53
29 77
34 74
39 98
37 94
29 99
10 69
39 79
43 87
17 49
13 92
14 56
8 60
31 99
36 70
35 78
11 49
24 62
44 92
30 96
10 80
20 46
31 88
9 96
38 79
18 89
20 55
24 95
16 85
16 94
14 92
44 90
19 54
19 70
33 93
11 57
24 56
23 99
21 96
23 63
23 54
23 60
23 86
22 86
44 65
19 99
23 93
29 63
16 89
14 64
40 93
21 57
8 84
33 65
14 93
32 88
8 72
25 84
43 72
38 93
8 54
44 98
29 93
15 63
8 91
13 80
36 82
12 46
19 81
39 98
8 70
17 77
13 95
39 61
21 83
22 92
20 82
14 63
18 82
23 90
37 68
24 80
33 83
29 71
38 56
26 67
13 80
11 87
36 59
15 85
43 95
9 64
29 75
42 70
6 55
40 99
31 75
6 82
6 64
6 72
42 98
45 92
17 57
20 73
19 80
28 65
38 63
24 48
31 61
27 92
22 48
38 55
34 56
36 78
15 63
30 86
20 86
31 86
11 86
27 56
7 96
29 92
45 98
30 80
13 52
27 77
7 76
32 60
7 77
27 92
7 65
27 97
33 74
8 97
36 57
34 96
35 80
8 97
31 71
18 55
43 91
8 90
13 83
10 84
29 98
8 76
39 84
20 64
19 60
43 69
39 57
22 55
18 67
24 92
20 78
28 82
35 69
8 55
39 57
29 62
28 76
40 83
39 56
31 99
25 98
22 80
43 65
9 76
13 56
20 48
25 48
24 48
15 48
34 48
37 48
25 59
16 59
10 59
32 71
27 56
16 98
36 74
19 55
15 66
7 58
43 89
37 82
28 90
11 65
18 95
33 54
12 61
28 89
12 70
15 80
31 67
25 84
11 84
12 63
29 64
36 84
17 84
27 84
21 84
12 94
7 56
27 63
7 80
27 87
7 61
18 83
7 65
27 62
16 96
16 56
28 77
29 57
26 74
27 88
32 81
22 67
33 77
24 71
44 98
19 77
15 68
31 78
36 89
9 56
21 91
23 96
24 82
30 57
17 78
16 65
12 76
9 75
23 70
23 67
19 58
11 57
29 90
23 85
23 58
30 75
10 67
21 63
20 69
22 75
35 88
10 82
13 56
10 75
37 62
29 71
18 74
33 59
15 90
14 85
32 58
22 97
43 76
8 97
42 83
34 97
17 60
19 97
15 54
43 56
10 85
14 93
34 27
57 9
71 61
93 44
79 81
35 51
31 27
81 19
18 71
91 91
75 31
89 67
15 38
12 29
54 85
71 70
56 26
57 31
14 20
44 26
88 67
58 3
78 77
80 7
21 29
20 7
81 49
11 7
17 28
31 7
81 24
55 8
60 15
16 57
54 81
19 68
78 85
51 22
72 81
68 50
72 95
81 35
10 1
10 8
45 17
81 13
79 10
5 81
27 24
9 29
27 28
83 81
36 85
4 35
15 87
96 8
81 33
91 91
18 30
71 62
64 68
29 16
54 67
98 79
67 28
3 58
22 85
77 80
53 81
21 69
29 54
69 99
79 16
48 68
48 29
81 53
94 17
4 62
71 97
29 11
63 83
59 19
23 79
94 67
16 36
98 81
76 62
6 94
63 70
9 10
47 22
58 49
70 57
56 89
95 21
77 45
49 28
85 43
77 24
94 11
17 59
57 3
20 92
89 32
25 31
70 83
56 99
85 90
63 12
31 95
61 92
18 89
55 87
49 61
29 79
61 38
63 24
59 22
31 28
30 33
98 7
79 87
60 36
85 43
55 26
94 49
38 52
29 66
43 9
56 31
4 75
64 63
17 59
33 97
79 24
35 40
72 6
72 39
4 6
31 87
20 79
47 50
48 31
48 61
87 61
27 53
48 50
56 71
15 30
85 19
69 77
87 31
80 47
20 77
23 21
32 63
56 34
54 36
14 91
91 79
5 77
28 8
44 51
35 63
17 4
67 54
85 15
50 30
18 78
96 44
32 9
49 35
90 7
80 62
13 18
20 22
73 67
50 63
73 25
60 72
38 62
89 10
85 59
10 49
33 55
26 64
47 65
13 78
2 53
58 91
91 95
45 95
18 38
51 57
2 24
41 64
5 28
85 98
17 79
33 44
26 90
7 88
61 95
7 32
60 62
50 87
2 26
34 41
2 42
12 19
43 94
22 65
14 49
7 47
9 96
48 77
45 75
24 33
27 44
31 79
22 77
48 69
9 31
14 84
37 75
55 84
27 84
30 84
19 94
10 72
17 80
43 56
38 88
4 65
12 67
30 98
12 79
45 90
8 34
60 83
12 77
47 59
8 87
18 62
31 63
41 90
8 62
19 87
29 97
4 31
1 97
1 50
28 97
38 68
21 30
47 69
54 73
1 22
38 56
15 34
16 25
28 64
20 48
11 16
1 58
33 48
13 47
21 52
37 41
1 80
22 87
1 98
20 51
43 59
16 56
41 60
9 24
26 80
41 89
17 46
8 63
20 71
6 85
9 50
8 32
16 62
6 96
3 65
25 63
35 48
30 75
9 48
8 19
35 72
11 62
27 79
26 46
27 41
55 64
12 49
10 63
5 38
52 88
18 26
49 72
57 77
13 27
10 83
19 52
40 77
26 94
38 67
30 41
16 25
15 47
25 76
22 71
48 68
29 64
48 96
28 98
32 87
45 62
17 69
46 94
33 67
50 79
28 40
16 86
11 75
12 41
31 86
18 53
42 75
12 96
41 88
14 62
18 23
21 80
22 87
12 63
25 73
3 22
7 73
47 78
13 62
16 87
7 51
29 71
15 94
6 19
4 53
6 24
7 30
6 28
17 41
18 59
2 65
29 86
25 44
33 75
24 74
25 45
28 86
11 16
18 64
7 38
22 60
33 71
3 36
45 73
2 62
31 73
3 45
7 18
2 29
26 73
16 76
37 51
19 42
7 65
6 37
7 28
45 96
15 55
38 80
10 47
46 62
31 48
19 96
19 34
29 60
18 49
24 33
11 66
28 42
16 27
17 81
23 69
49 51
23 27
23 58
16 80
11 50
38 74
15 77
25 85
2 62
27 82
11 98
27 51
22 56
13 85
5 29
18 31
14 47
27 30
44 60
29 78
31 70
10 26
17 28
27 74
13 82
22 29
34 82
31 51
25 98
25 89
18 43
22 75
26 86
32 44
28 86
16 75
24 80
27 56
29 47
20 58
1 39
23 33
23 76
23 85
23 39
29 71
45 72
38 54
30 95
7 31
24 70
9 36
30 67
4 99
16 45
7 56
22 38
7 64
26 82
7 72
29 95
7 67
25 56
11 28
33 98
7 45
36 66
9 54
11 35
7 59
13 63
7 29
30 47
14 39
23 51
23 88
23 34
23 36
23 54
23 83
23 52
23 60
23 69
23 70
23 99
23 44
23 61
23 63
23 79
23 94
70 84
71 89
22 67
12 51
48 84
48 83
24 84
48 81
14 69
20 50
11 85
45 80
59 68
7 50
36 75
25 28
25 50
13 24
4 75
26 92
32 60
7 22
43 76
7 92
19 36
7 70
33 85
14 73
16 72
34 73
17 22
9 39
3 93
15 68
44 54
30 93
12 85
5 19
14 70
9 93
13 33
29 81
11 72
4 40
18 20
43 95
2 34
9 60
27 67
25 64
16 86
35 70
3 18
14 45
28 54
9 47
2 43
36 52
27 68
22 67
35 50
21 53
10 38
14 59
16 98
34 50
17 28
18 27
22 49
15 34
19 36
10 62
32 61
13 87
22 46
3 54
39 97
8 68
16 97
3 65
39 97
38 80
37 87
29 71
33 47
24 50
31 78
28 91
35 50
22 71
30 68
27 50
34 50
18 61
9 28
27 88
13 89
6 77
17 52
6 51
6 34
20 91