55 75
50
59 19
59 44
51 54
5 15
29 20
31 42
46 61
14 65
62 55
61 57
61 28
43 41
17 24
20 60
10 69
27 31
50 42
27 47
58 51
69 5
49 29
27 22
11 26
44 31
29 49
50 69
24 33
35 68
45 17
27 13
50 7
61 29
26 7
57 49
51 51
41 34
32 7
43 64
58 46
45 4
33 7
36 43
31 30
29 48
19 48
49 48
55 28
13 4
22 24
23 68
29 52
11 60
47 36
12 31
60 29
35 33
30 3
57 41
62 44
49 19
55 17
68 15
45 43
70 52
53 41
29 11
49 61
34 35
68 21
61 39
46 49
25 47
31 68
57 53
28 54
52 26
24 22
33 39
55 61
14 46
15 33
61 9
60 47
62 16
28 68
35 30
38 11
23 45
68 59
23 46
53 21
25 49
31 70
45 39
13 43
26 5
17 11
20 22
52 47
67 68
16 55
30 26
62 55
15 35
68 8
53 25
44 45
43 34
12 21
25 38
33 53
45 17
26 61
59 36
43 37
11 50
35 13
70 43
22 60
37 45
29 26
54 21
67 46
28 4
41 68
44 36
37 34
12 9
17 33
60 45
52 30
20 4
48 4
48 68
48 21
25 47
44 3
69 7
41 46
24 69
34 51
51 38
69 68
16 64
13 28
59 60
26 61
33 7
47 3
37 19
11 57
19 21
23 37
23 64
42 46
68 69
53 20
51 25
44 70
28 59
35 59
25 52
67 15
69 49
22 31
62 23
52 23
42 38
9 23
31 23
43 16
46 47
60 54
55 21
50 27
16 17
33 54
44 34
60 19
11 21
67 40
18 41
54 29
9 43
68 61
51 66
41 17
29 68
52 49
61 18
34 32
45 59
11 35
41 55
46 68
56 57
15 5
5 49
70 48
34 48
47 36
51 34
62 42
38 57
17 44
69 64
29 18
64 13
59 22
56 60
20 27
41 57
32 67
42 21
23 27
23 49
45 20
67 44
68 8
33 39
62 45
28 13
61 41
47 59
19 28
45 42
67 24
62 57
29 11
7 22
53 34
60 41
30 18
7 50
56 44
7 45
41 53
22 10
54 50
10 29
59 19
54 27
11 57
30 47
56 21
31 27
20 52
55 27
23 25
55 13
35 39
64 53
25 20
66 58
58 12
42 60
49 46
66 31
53 57
70 8
7 28
55 68
35 24
20 8
34 53
60 36
7 57
56 70
7 50
47 50
56 7
38 29
22 7
32 62
37 23
66 50
20 46
34 41
52 23
19 23
35 19
24 37
38 31
12 10
7 13
52 42
7 62
29 44
7 36
69 32
23 53
66 29
46 58
54 22
23 57
23 40
35 47
54 32
29 19
49 61
11 33
31 17
30 59
43 69
52 37
32 49
31 48
14 48
45 54
37 57
68 30
47 44
69 67
60 58
31 34
55 36
59 54
24 57
37 45
53 13
47 25
17 58
17 60
52 38
11 50
61 57
45 52
43 53
49 61
30 37
51 67
68 59
27 36
7 34
60 64
49 50
12 50
7 64
12 41
37 33
68 53
30 57
62 37
19 68
67 54
32 39
51 49
45 47
13 57
12 54
54 16
43 49
31 38
24 21
10 62
28 55
52 60
42 55
11 49
27 68
56 37
51 65
30 43
27 53
49 57
34 28
7 68
38 22
70 33
29 19
7 25
49 43
7 57
58 61
66 70
35 55
13 44
51 42
54 52
16 34
60 57
58 64
18 19
64 21
50 69
50 56
17 64
70 52
33 28
62 44
13 22
50 52
47 51
23 62
67 24
64 25
52 21
15 59
68 59
61 47
35 64
64 33
43 68
56 61
64 65
60 54
61 67
62 36
67 24
13 46
45 28
31 60
29 62
55 54
11 66
55 31
50 57
23 65
22 69
23 32
42 53
50 62
36 44
63 69
51 31
38 46
60 21
55 67
69 25
25 59
56 22
67 48
61 57
58 54
66 48
50 39
31 61
61 13
28 33
30 52
57 20
46 29
49 31
32 45
53 47
59 70
59 68
39 16
57 60
56 58
68 66
26 53
65 28
33 69
45 24
39 13
57 35
67 20
61 60
16 34
44 64
53 58
66 61
45 23
52 23
36 15
20 64
25 64
62 23
60 67
26 53
29 55
15 50
46 13
16 44
59 56
68 31
59 42
59 20
38 50
60 68
26 47
33 21
52 29
42 45
54 55
62 66
31 26
45 51
46 58
64 47
49 57
67 69
46 64
11 43
36 37
51 50
54 68
15 61
48 38
49 63
48 52
16 70
33 49
65 59
48 55
30 57
43 42
35 58
46 66
32 25
16 51
51 52
11 41
42 57
37 45
27 58
67 17
27 37
68 56
47 32
54 49
39 53
28 70
12 44
45 24
39 28
29 34
68 49
18 67
37 57
57 47
33 42
41 52
70 38
11 30
45 41
58 59
52 57
19 68
33 70
49 37
36 67
64 51
50 38
28 42
56 44
43 36
30 54
50 70
31 43
50 35
30 25
36 31
66 33
57 53
47 46
70 38
40 19
49 47
19 31
41 39
55 70
57 27
22 68
42 27
53 61
37 40
38 54
32 52
61 24
57 67
70 53
31 39
60 69
41 51
62 44
47 43
42 48
34 48
46 47
36 49
58 39
59 68
59 66
47 58
23 32
23 67
60 49
69 51
23 68
34 51
36 65
49 33
57 55
62 46
46 37
63 24
54 70
31 52
67 31
66 23
58 23
36 23
34 63
64 23
51 52
41 64
62 47
33 57
61 61
35 46
46 63
31 25
38 56
25 69
59 26
54 50
54 32
39 41
52 63
47 68
67 50
35 56
65 50
55 67
26 44
39 46
37 63
66 68
58 33
62 69
41 50
38 24
61 36
31 28
67 45
66 56
58 52
52 47
51 49
48 54
60 24
52 25
48 42
62 29
47 31
55 44
61 62
27 47
30 67
55 52
53 63
41 54
62 38
43 32
51 41
45 57
42 53
27 33
31 56
55 59
49 60
67 59
28 56
42 62
25 52
54 51
43 27
62 60
35 44
61 68
31 64
47 28
59 27
59 24