50 50
3
37 16
29 41
21 11
45 44
11 22
12 4
13 14
24 29
48 6
28 6
26 6
36 6
34 11
16 23
30 23
2 23
28 34
12 36
30 7
15 35
29 8
17 25
21 41
2 13
16 49
24 50
33 31
39 47
18 9
26 15
12 29
31 21
24 38
21 44
33 18
39 50
11 17
2 46
46 10
19 50
31 19
2 47
29 19
10 30
26 50
18 4
49 44
39 25
21 21
25 11
3 28
38 31
13 10
17 46
5 30
16 2
18 47
26 8
11 14
28 13
39 22
24 9
43 18
33 38
39 44
49 25
21 30
29 31
39 46
11 17
22 27
20 24
26 43
12 22
49 47
12 11
36 4
4 14
4 27
21 44
13 36
3 34
41 16
45 5
5 46
5 19
38 43
13 28
50 14
45 25
3 35
38 41
35 30
15 15
47 46
9 28
25 33
37 24
31 13
15 5
5 23
5 23
29 35
9 12
21 21
4 47
2 48
24 48
22 11
17 34
3 46
41 48
47 38
19 19
36 20
39 11
45 30
29 2
12 47
19 15
14 45
50 32
47 18
7 19
50 10
4 33
27 4
7 20
29 44
7 25
50 10
50 8
27 25
25 28
13 22
29 47
31 41
9 16
3 33
14 2
33 17
15 22
19 28
16 35
31 30
12 34
15 36
12 29
13 20
4 24
22 45
28 15
5 13
24 5
45 33
21 1
17 6
25 6
29 6
25 41
23 26
22 1
46 29
23 31
23 15
23 20
23 44
11 26
6 22
33 16
13 5
35 47
6 41
6 44
6 29
22 23
41 28
19 15
38 19
26 23
21 23
14 23
3 23
34 12
36 25
25 47
10 50
2 50
17 44
44 11
24 32
35 25
43 10
26 50
31 46
24 33
14 38
28 4
4 30
8 31
45 18
2 9
44 27
8 17
9 45
8 27
6 49
6 45
43 25
13 24
25 48
49 48
46 22
25 26
15 48
33 2
2 24
17 46
41 35
6 49
20 45
14 22
42 28
6 42
30 11
16 35
49 50
38 50
25 8
26 44
43 25
34 5
45 5
5 46
33 47
12 4
30 28
23 49
23 31
14 13
27 8
18 22
10 43
24 45
27 38
10 10
27 49
11 18
21 8
17 46
11 1
49 1
14 16
22 19
27 26
43 43
11 3
8 27
13 28
20 31
9 2
14 27
20 15
25 17
31 17
22 18
46 2
46 44
43 25
8 27
25 47
44 30
20 12
31 23
19 35
47 23
38 22
43 11
14 2
16 5
5 20
5 23
46 33
5 23
44 34
32 13
5 23
28 47
33 48
39 48
50 48
14 19
4 48
50 48
31 15
21 6
33 17
44 16
47 25
50 22
50 6
11 6
44 38
24 32
22 28
15 34
30 24
50 4
23 49
23 26
23 39
33 3
49 3
22 28
13 15
2 17
50 47
38 17
26 46
15 12
20 24
13 18