100 100
2
76 88
19 97
24 85
39 97
28 70
15 67
32 54
31 97
5 76
5 64
14 74
3 61
10 45
41 52
1 83
9 77
13 28
12 44
38 98
17 57
21 71
10 28
10 80
12 64
7 41
26 62
7 39
11 70
7 47
14 36
7 34
9 89
7 55
10 68
7 30
21 90
7 44
28 53
7 80
9 38
7 50
12 36
7 69
14 99
7 56
30 42
7 94
38 75
14 70
31 56
32 65
17 43
27 71
22 77
27 85
15 54
27 89
18 80
27 52
11 54
27 43
23 70
27 84
25 92
27 84
20 74
27 91
23 69
27 62
30 83
27 41
33 92
27 60
43 78
27 73
36 64
27 58
35 68
27 64
24 62
27 71
28 91
27 76
17 91
27 73
20 33
27 73
6 83
27 73
19 52
27 80
46 63
18 25
24 82
6 96
28 76
9 68
5 84
30 84
5 63
8 74
5 38
5 83
5 27
8 84
18 61
20 38
16 63
8 45
19 48
30 67
3 79
9 35
17 28
33 68
22 50
8 90
3 94
14 85
26 55
3 65
19 88
33 86
13 74
15 86
20 82
16 25
25 82
10 56
1 69
22 47
25 45
10 32
2 55
26 85
14 67
11 62
4 79
1 83
4 42
3 98
28 96
21 99
1 61
9 82
11 49
17 98
31 41
30 64
25 90
22 69
20 95
9 70
12 66
29 54
4 62
3 56
18 65
16 96
33 82
13 85
24 33
15 60
28 56
31 62
18 61
20 47
2 81
3 92
2 74
28 49
12 95
31 41
12 52
16 57
29 69
26 36
28 40
17 62
24 95
5 58
21 87
6 89
33 66
25 58
7 53
4 38
51 93
1 15
39 81
32 70
17 94
17 67
29 95
13 47
26 82
7 80
35 64
32 54
23 96
3 81
23 91
15 91
23 66
14 81
23 61
23 76
10 28
3 68
9 71
20 25
26 66
27 82
34 49
10 82
14 81
31 69
11 47
30 77
15 81
27 72
33 59
14 54
31 77
6 72
22 57
6 54
22 82
6 56
15 72
6 85
6 73
6 58
19 73
14 81
19 98
3 83
24 73
27 53
3 68
3 99
27 49
3 43
27 58
3 52
27 79
3 45
27 68
11 99
27 46
11 80
27 55
33 47
27 44
33 78
27 45
17 25
27 54
6 57
27 82
15 74
27 71
6 65
27 69
31 73
27 43
25 57
27 94
29 44
27 55
29 89
27 79
28 99
27 47
19 92
27 56
5 23
27 70
17 47
27 86
17 96
27 83
12 27
27 95
26 65
27 77
24 54
27 80
28 81
27 42
6 60
27 74
6 87
27 79
15 77
27 92
11 72
62 76
31 98
6 33
67 88
6 59
53 95
16 57
62 88
6 78
42 60
11 33
3 58
51 72
22 74
25 53
13 67
20 89
32 90
26 64
8 58
10 66
18 29
15 74
8 42
31 45
29 90
23 76
33 93
23 93
13 22
23 95
8 69
23 93
22 50
28 95
9 91
24 29
16 38
27 60
19 68
27 50
4 25
27 48
9 76
27 78
20 46
27 100
3 71
27 66
18 52
27 83
2 89
27 96
23 69
27 94
15 68
27 98
13 65
27 81
23 71
27 90
23 42
27 76
23 79
27 87
23 88
27 55
23 91
27 47
23 61
27 43
23 87
27 38
23 48
27 44
23 48
27 48
23 94
27 79
23 76
27 68
23 100
27 53
23 62
27 99
23 57
27 49
23 78
27 82
23 52
27 62
23 100
27 63
23 42
27 94
23 67
27 100
23 44
27 46
23 97
27 57
23 97
27 69
23 68
27 45