35 35
3
12 19
3 29
18 0
5 8
4 30
6 30
8 4
16 5
14 6
27 28
17 9
27 16
19 4
3 5
18 21
11 20
1 13
22 16
15 13
34 24
5 31
23 17
26 27
5 19
21 34
9 33
9 32
22 31
21 10
18 18
17 16
14 6
31 23
28 31
1 34
13 27
8 14
12 10
17 15
8 24
15 13
1 2
19 33
25 23
0 2
4 32
17 2
29 22
15 29
1 21
29 7
12 12
12 11
2 31
1 23
30 33
32 16
0 11
0 5
10 22
8 22
0 17
14 30
27 28
9 27
7 15
0 34
24 26
32 8
6 13
7 26
28 21
19 10
4 33
14 2
28 30
29 1
16 0
5 1
20 19
7 34
26 20
11 27
31 1
26 9
11 9
21 2
25 4
21 22
1 27
19 7
2 27
19 11
4 14
24 33
34 32
2 27
21 7
9 13
6 27
25 7
4 33
2 29
33 29
2 17
6 9
18 17
15 13
18 26
0 4
2 5
27 1
4 27
27 7
19 30
8 30
30 7
34 12
14 34
12 12
6 31
12 11
31 5
19 7
9 11
15 31
23 26
24 17
8 19
6 14
10 22
2 10
32 5
34 34
16 2
10 0
12 22
32 19
27 29
20 5
8 14
12 31
19 32
4 26
18 26
6 11
12 23
17 27
28 12
13 29
9 3
12 21
24 14
7 32
25 22
12 1
1 30
28 2
34 4
28 27
21 34
14 32
18 21
1 34
5 29
4 23
0 10
32 5
8 4
8 6
3 18
11 31
32 9
17 34
2 2
12 28
20 27
20 19
25 22
33 13
27 7
5 10
22 33
24 19
28 18
26 1
7 8
1 18
34 27
1 15
9 17
32 12
32 2
28 9
11 6
12 20
32 13
16 22
10 25
21 17
0 29
23 28
24 26
32 31
16 33
6 3
16 11
13 17
27 26
32 12
12 12
7 4
5 3
29 10
16 26
7 32
20 13
24 9
16 12
24 16
20 20
28 26
20 28
0 10
8 17
17 13
3 20
19 31
2 32
25 5
26 7
14 31
8 18
10 17
23 2
29 3
5 4
26 1
31 29
4 19
18 30
11 7
26 4
23 7
22 24
0 30
33 8
30 31
2 28
22 23
2 2
21 10
4 21
6 2
16 25
32 8
13 33
18 29
22 27
21 5
0 26
10 7
25 16
8 1
5 1
8 26
29 29
27 2
13 11
25 2
30 10
11 13
26 23
4 28
6 34
15 28
13 4
12 17
27 23
13 18
2 13
27 2
29 24
14 16
25 11
25 28
16 3
32 6
22 30
3 24
28 17
32 20
6 19
9 24
20 22
20 6
26 6
4 0
25 20
26 26
5 24
6 15
16 17
3 16
19 11
20 7
24 28
25 25
30 15
14 10
15 11
7 34
24 32
14 26
11 16
10 13
12 16
31 31
6 27
0 7
3 4
28 25
23 20
8 29
34 0
11 15
1 0
3 17
1 11
7 18
19 25
27 26
27 16
22 25
25 21
8 4
14 16
25 21
17 2
9 14
23 26
9 2
34 13
9 31
9 26
34 3
2 5
19 23
13 30
17 33
22 2
27 17
18 22
19 23
3 17
28 22
17 8
17 26
11 12
17 29
9 32
31 20
13 22
30 30
17 1
15 23
6 31
1 1
21 28
34 32
15 29
10 16
26 28
6 27
15 30
33 25
6 16
5 28
0 2
3 26
1 8
24 13
17 0
9 22
6 16
34 2
9 15
33 29
26 5
25 9
2 1
21 22
20 6
20 27
32 18
20 16
14 28
34 10
17 8
31 0
27 5
23 25
6 16
33 34
19 21
30 0
1 8
23 7
0 27
11 8
16 18
15 34
13 3
11 16
22 33
25 23
9 13
2 18
14 21
28 18
18 6
0 22
30 29
22 12
24 14
30 31
7 34
16 27
6 13
2 34
34 8
6 13
23 29
4 15
29 19
5 7
15 10
19 8
5 0
33 4
14 23
21 17
17 8
16 16
28 19
22 7
23 7
21 26
32 16
7 26
17 12
28 1
29 10
16 14
15 4
21 14
0 27
24 15
33 32
25 13
7 20
25 18
29 28
31 1
18 15
34 16
5 32
4 22
24 14
21 2
10 15
24 3
16 24
2 18
14 8
14 13
23 3
20 18
2 3
4 23
21 4
13 29
13 28
20 18
32 14
3 19
19 22
0 14
28 13
2 19
1 32
27 21
27 28
0 2
3 9
22 21
24 10
11 4
23 1
33 3
26 34
34 7
3 7
30 17
15 19
17 20
5 15
32 20
29 20
3 0
4 1
15 16
9 18
4 27
5 32
33 11
0 20
0 31
14 30
6 12
26 8
6 34
31 28
4 27
33 12
19 3
25 28
15 18
19 19
31 28
31 22
7 30
14 4
32 32
12 32
29 34
8 3
29 20
12 28
5 13
2 17
29 14
6 20
33 20
25 11
31 33
9 32
13 5
17 31
17 4
21 9
27 11
16 21
20 28
23 29
5 29
34 15
2 18
20 28
32 8
4 26
6 27
32 29
18 12
21 13
10 2
34 25
8 10
23 17
7 34
32 18
0 24
31 0
26 34
32 18
32 0
10 32
9 24
10 19
22 21
22 5
22 34
26 17
30 31
2 11
26 3
23 34
18 33
5 3
7 8
10 30
11 1
11 1
28 34
13 0
6 29
34 20
25 30
1 23
9 9
19 28
19 29
3 24
5 2
11 7
22 29
17 3
32 32
32 33
28 34
26 7
15 19
11 5
15 23
19 27
0 26
10 31
18 9
29 29
6 13
4 24
17 26
13 33
24 26
1 24
25 33
5 28
23 11
30 13
4 10
23 0
24 20
27 26
29 30
23 29
22 34
26 17
26 14
22 17
8 8
2 30
34 15
3 5
16 20
9 32
26 7
31 8
9 28
3 32
9 23
20 11
23 24
12 33
19 31
31 1
15 26
21 27
12 21
26 6
34 18
22 11
5 27
20 1
2 1
28 8
1 6
32 5
26 12
0 12
23 19
19 26
9 5
17 23
4 7
16 26
13 17
23 12
19 13
16 8
16 12
8 5
28 16
0 18
34 27
11 13
21 0
16 4
17 7
10 23
9 25
7 16
14 14
24 4
13 25
6 1
10 29
32 32
18 20
25 32
17 2
11 22
16 19
24 7
8 15
4 10
3 9
17 20
28 8
18 23
15 7
7 25
9 23
29 8
21 6
6 10
4 23
21 30
10 0
26 28
6 0
16 13
6 28
27 1
3 6
17 33
29 24
5 32
12 7
31 5
18 16
24 17
14 28
15 0
9 12
0 23
6 13
7 15
33 3
18 14
19 11
19 32
28 10
8 33
17 9
20 16
25 23
4 30
30 2
27 22
28 21
19 28
9 4
4 19
11 2
15 11
19 9
20 16
34 11
18 8
4 14
12 29
31 23
34 19
23 25
34 5
19 0
16 17
0 27
32 1
10 10
27 34
2 20
24 28
20 34
13 22
33 24
24 17
20 24
10 33
6 6
28 34
3 6
6 29
0 5
33 13
22 33
3 0
21 31
22 13
1 4
17 0
14 1
7 17
7 21
20 11
19 13
21 4
12 11
19 10
8 25
32 23
11 19
29 11
9 26
32 22
11 14
1 25
0 34
24 29
19 19
31 2
34 2
26 30
8 7
14 30
6 5
33 27
3 18
16 11
9 4
18 5
14 23
34 17
26 15
26 34
6 4
21 26
23 30
5 1
28 27
15 13
21 1
29 2
16 29
21 12
22 18
31 5
22 7
18 16
9 18
31 34
8 32
9 10
9 11
1 30
22 19
28 12
8 2
27 6
6 15
10 23
25 20
17 10
34 15
29 5
2 2
27 5
20 1
2 28
10 22
13 18
6 14
11 11
13 16
4 21
20 22
31 5
11 27
31 33
0 3
25 24
2 5
13 30
34 4
13 32
26 12
21 27
5 27
12 14
16 22
16 4
24 16
21 14
17 24
6 22
2 28
7 30
9 20
31 26
30 27
15 5
1 26
28 6
34 31
24 11
1 17
12 15
5 28
1 18
18 30
8 0
31 9
7 1
19 7
27 11
19 2
26 29
17 8
17 3
3 2
12 9
19 0
28 34
21 9
9 8
13 14
28 8
5 24
2 3
13 15
14 30
6 28
26 12
20 25
32 16
1 34
33 3
7 10
24 5
22 26
14 28
22 18
25 24
30 5
10 22
31 28
26 3
15 18
30 18
25 27
11 30
10 14
34 13
3 11
34 2
5 24
22 12
25 8
0 23
21 13
23 14
10 15
31 18
3 20
12 16
25 16
15 31
32 27
30 20
11 21
21 28
6 15
31 0
13 21
28 31
19 11
15 22
33 33
9 11
9 1
20 27
26 1
5 33
9 3
14 32
34 5
31 12
1 31
3 10
4 28
19 16
31 17
19 5
5 34
30 1
34 15
23 4
21 14
25 21
31 29
27 33
5 19
22 14
22 3
32 32
11 32
33 10
3 2
1 16
25 18
12 27
31 24
10 21
7 10
34 23
15 6
0 33
17 33
13 11
18 1
25 14
2 32
3 5
12 15
20 19
0 10
11 25
31 20
17 4
28 16